                                 Open        High         Low       Close    Volume  Dividends  Stock Splits
Date                                                                                                        
2026-09-01 00:00:00-04:00  316.980011  327.299988  314.730011  325.130005  53167400        0.0           0.0
2026-09-02 00:00:00-04:00  326.869995  328.399994  323.529999  324.959991  33776400        0.0           0.0
2026-09-03 00:00:00-04:00  324.869995  330.809998  324.109985  328.209991  37225800        0.0           0.0
2026-09-04 00:00:00-04:00  328.309998  328.929993  317.859985  319.970001  39606900        0.0           0.0
2026-09-08 00:00:00-04:00  317.100006  320.700012  314.899994  316.220001  35477100        0.0           0.0
2026-09-09 00:00:00-04:00  315.489990  319.149994  309.899994  315.339996  65640000        0.0           0.0
2026-09-10 00:00:00-04:00  316.670013  326.739990  316.510010  326.570007  70011900        0.0           0.0
2026-09-11 00:00:00-04:00  327.450012  336.220001  326.299988  332.269989  50716900        0.0           0.0
2026-09-14 00:00:00-04:00  334.790009  335.500000  331.339996  333.079987  39269100        0.0           0.0
2026-09-15 00:00:00-04:00  330.140015  331.779999  328.350006  331.339996  31748200        0.0           0.0
2026-09-16 00:00:00-04:00  332.529999  335.480011  330.700012  332.410004  35981000        0.0           0.0
2026-09-17 00:00:00-04:00  334.769989  338.339996  330.179993  337.000000  36700200        0.0           0.0
2026-09-18 00:00:00-04:00  337.910004  338.489990  332.529999  336.130005  86588200        0.0           0.0
2026-09-21 00:00:00-04:00  335.279999  339.640015  333.049988  338.980011  34999200        0.0           0.0
2026-09-22 00:00:00-04:00  340.140015  345.339996  338.750000  339.750000  40711800        0.0           0.0
2026-09-23 00:00:00-04:00  341.079987  341.799988  335.500000  337.019989  31658800        0.0           0.0
2026-09-24 00:00:00-04:00  336.720001  338.910004  334.299988  335.920013  24733100        0.0           0.0
2026-09-25 00:00:00-04:00  336.040009  341.670013  334.529999  341.070007  30002500        0.0           0.0
2026-09-28 00:00:00-04:00  340.369995  342.989990  338.040009  338.399994  32820800        0.0           0.0
2026-09-29 00:00:00-04:00  336.970001  337.089996  328.700012  329.399994  38478000        0.0           0.0
2026-09-30 00:00:00-04:00  330.799988  339.500000  330.140015  333.019989  49931500        0.0           0.0